2 1.0
3 1.0
4 0.75
5 0.826666666667
6 0.890625
7 0.959821428571
8 0.956395348837
9 0.929435483871
10 0.538674033149
11 0.584024896266
12 0.869531849578
13 0.724452554745
14 0.87470336972
15 0.794128716598
16 0.869228385497
17 0.849569078088
18 0.817049602749
19 0.857682619647
20 0.738952020202
21 0.8769105911
22 0.840998382251
23 0.597494443322
24 0.874698364465
25 0.794809471538
26 0.842769038875
27 0.81725074037
28 0.753033781568
29 0.844952867243
30 0.818530066815
35 0.745359273092
40 0.801129211403
45 0.821386087406
50 0.794600971937
55 0.812883028308
60 0.810185210089
65 0.80553085165
70 0.794924667791
80 0.796049354893
90 0.791720224398
100 0.792734111761
110 0.776918462493
120 0.785675271775
125 0.781621791133
130 0.779504727581
140 0.780908088212
150 0.776610964988 
160 0.772937694995
170 0.775090529885
180 0.778027514509
190 0.773076410854
200 0.77126068203